-0.000574548
0.002525544
-0.000229331
0.00332017
-0.000342955
0.00148529
0.00171106
-0.007665503
-0.003105771
0.001726619
-0.008663063
-0.002439167
0.000813717
-0.002909178
-0.002216649
0.009415937
-0.000115707
-0.003477458
0.006250744
0.006326587
0.004347833
0.000798859
0.001709694
0
0.003070103
0.005208935
0.001467186
0.003040372
-0.001462729
-0.000337857
0.001013228
-0.001689285
0.000225403
0.002363668
-0.002250986
0.003486872
-0.00067393
0.006830551
-0.000111601
0.003120127
0.007978766
-0.002541859
0.005187363
0.002089405
0.003399685
0.004587665
0.001415737
-0.000217675
0.001957373
0.006820792
-0.002917502
0.000757207
0.000648579
0.006462754
-0.001934444
0.000537721
0.000429969
-0.002798108
-0.003130231
0.001296457
-0.007042664
0.007474443
-0.00780069
-0.001850744
-0.004039968
-0.004715697
0.013647245
-0.002497151
0.005636871
-0.004658982
0.003469214
-0.009897302
-0.002736279
-0.001755156
-0.00616742
-0.000884173
0.004743266
-0.000770628
0.001650619
0.004716731
-0.002739578
0.001425517
-0.002633313
0.00525971
-0.017529802
0.006430177
-0.007877114
-0.001783724
-0.001228158
0.000446778
0.004679153
0.001665834
0.003433955
-0.002324939
-0.002774851
0.00399335
-0.014159331
0.014933968
-0.00721624
-0.002230899
-0.002795641
-0.001568979
-0.005285365
0.0027024
-0.000449893
0.002696328
0.01004697
-0.004229748
-0.007389196
0.000674006
-0.004727609
0.001014942
0.001239088
-0.001915601
-0.000564111
-0.001807297
-0.023797027
-0.002666514
-0.005121054
-0.013982955
0.00942181
-0.005288841
-0.005553929
-0.010841829
0
0.002273408
-0.038002381
-0.015009663
0.004526601
0.002505953
-0.007915111
-0.000504668
-0.00531445
0.017730738
0.000498442
-0.003369317
0.005360606
0.005579334
-0.007570623
-0.00024919
-0.00625002
-0.013761975
0.003046461
-0.00152207
0.007083258
-0.009116295
0.002794362
-0.009302393
-0.036239628
0.015673683
0
-0.008794439
-0.007277571
0.009779383
0.013454582
-0.006639353
-0.016063545
-0.003723409
-0.083601747
0.034031902
-0.0216523
0.003142411
-0.007443493
-0.010543898
-0.035620407
0.007495163
-0.032635514
-0.004794689
-0.027347296
-0.019305619
-0.010943351
0.007363201
-0.02844107
0.044612186
-0.014216718
0.026492679
-0.008273715
-0.010600806
-0.01169414
0.007000436
-0.002273836
-0.006361656
-0.029729002
-0.036567459
-0.000174871
0.001921902
0.002614836
-0.028071399
-0.001792115
0.024276908
-0.032743139
0.028708399
-0.035788396
0.017696381
-0.0079066
0.003062238
-0.001620017
0.017323408
-0.014085996
0.004836552
0.054424556
0.019440867
0.0482763
-0.049771192
0.020239276
0.00988743
0.012979911
-0.025803722
-0.010015682
0.027987508
0.00735415
0.003498175
-0.021823716
-0.016356269
-0.000494845
0.000659739
-0.003137646
0.025797349
-0.025301276
0.023849546
-0.017094433
0.018062488
-0.008909106
-0.011290311
-0.010587361
-0.007009374
-0.022354868
0.006486878
-0.005802064
-0.028469203
-0.014008563
-0.01892801
0.038030112
-0.026630368
0.017478597
0.006871668
-0.006518124
0.018734681
0.027881734
-0.033273521
0.005912033
-0.01326372
0.029599738
-0.021899315
0.033936419
0.008390719
-0.041804262
0.016931987
0.013274531
0.001520399
0.009743064
0.033210351
0.007892447
-0.010807428
0.013691121
-0.012232568
0.004362938
0.017739179
0.001108209
-0.003645879
-0.004296975
0.010629116
0.00801576
-0.000939702
-0.000783761
0.010606869
0.003407686
-0.029023921
0.005397695
0.000791327
0.018340509
-0.004670723
-0.00594774
-0.005509656
-0.009197654
-0.027292772
0.012527618
0.017628662
-0.01407798
-0.022813438
-0.014443681
0.003338901
0.037937839
-0.006762222
0.015230755
-0.017495029
-0.019786436
0.022212248
-0.014152331
0.026832061
0.014566439
-0.006781826
-0.015791061
-0.003220615
0.007071711
0.001600256
0.006534408
-0.012307356
0.008806397
0.006039433
-0.011474229
-0.009178069
-0.000323572
-0.019278493
0.016036999
-0.031497368
-0.001844555
-0.074727887
-0.001085776
-0.005446637
0.019470599
0.005874516
-0.00426895
0.008873173
-0.0312245
-0.009707925
-0.000184077
-0.007391017
0.010332195
-0.024903722
-0.015169043
-0.005940422
-0.008105023
0.007528266
0.008044479
-0.000381607
-0.017518977
-0.040627801
0.006853484
-0.010094978
-0.002234638
-0.014338632
0.029877235
-0.028640121
0.008821475
-0.009646047
0.001030609
-0.016199731
0.003553144
-0.040448255
-0.008947141
-0.025756308
-0.050748896
0.022924981
-0.004636077
0.095014428
0.047048082
0.074928323
-0.085465401
0.018367657
0.003992021
-0.014850765
0.004035518
-0.032541498
0.029516387
-0.023088164
-0.023633851
0.014706147
0.043263225
-0.007618321
-0.038568883
0.036957604
-0.005660011
-0.032343946
0.008547952
0.010326403
-0.03003354
0.013041834
0.001253133
-0.009437
0.015886622
0.020119751
0.042966036
-0.010569681
0.025258774
0.002491139
-0.046219309
-0.006031381
0.001813237
-0.005449605
0.016857714
-0.029280234
0.002455998
-0.020236082
0.005408792
-0.012316198
-0.011194541
-0.017570626
0.055090658
0.000204562
0.013207547
-0.007293387
0.035161433
-0.033536077
-0.016992936
-0.014768859
-0.004831435
0.005669307
-0.026736156
-0.022839492
-0.019776225
0.017132469
-0.021630902
0.009646738
-0.002458926
0.008468961
0.002659576
0.026644948
-0.001078167
-0.029558802
-0.005124218
0.002676781
-0.033294888
0.024569025
-0.023418144
-0.047100771
-0.00798939
-0.005606352
-0.002202375
-0.030595596
0.001766562
0.018486662
-0.039121708
-0.010609493
-0.007310738
-0.011332313
0.002646905
0.034297984
0.019727499
-0.032322447
0.026293793
-0.030181319
0.015971488
-0.005124275
-0.018144614
-0.051527362
-0.018624583
-0.004499445
-0.0517681
-0.031662527
-0.008924509
0.023523309
-0.053966582
-0.022885769
-0.032474689
0.037677953
0.08335566
-0.052377612
0.034006368
0.025804012
0.02775116
0.016288401
-0.055958654
-0.053884051
0.06876085
-0.014277458
-0.019970406
-0.033564369
-0.061929202
-0.002693604
-0.028382825
0.101502929
-0.029900446
0.062882323
-0.001517221
-0.036491371
0.050363729
-0.046591326
0.008747322
0.028214076
-0.008807954
0.029161844
0.019076147
0.00752972
-0.00260003
0.03830799
0.053656869
-0.037638851
0.047876505
-0.011822021
0.022214425
