0.002707317
-0.005067479
0.005420067
0.006325428
0.000817041
-0.001401051
0.006521509
0.000348169
0
-0.001393405
0.004058682
-0.000694605
0.002891011
-0.000230974
0.003343906
0.000345284
0.001494855
0.001263134
-0.007256006
-0.003125907
0.001506286
-0.008020967
-0.002220016
0.000584693
-0.002692422
-0.001994721
0.009236051
-0.000116381
-0.003380942
0.005822094
0.00590382
0.003916604
0.000919329
0.001721467
-0.000229358
0.003091901
0.004449269
0.001706
0.003063485
-0.00147384
0.000453721
0.000340155
-0.001134301
0.000340426
0.002379739
-0.00226629
0.003849642
-0.000452131
0.006198949
0.000112353
0.003140777
0.006697201
-0.002450436
0.005005851
0.002659576
0.00342485
0.0044019
0.000987763
0.00021937
0.001862708
0.006981593
-0.002939417
0.00087184
0.000653381
0.006726726
-0.001731602
0.000974395
0.000865333
-0.002815073
-0.002605582
0.000652032
-0.005992935
0.007512693
-0.007294137
-0.002516275
-0.004941535
-0.00441307
0.014489825
-0.002509685
0.00588237
-0.004463078
0.003267621
-0.009944894
-0.002749521
-0.001212188
-0.005861228
-0.000332797
0.004428215
-0.000773523
0.001546449
0.004515178
-0.003191551
0.001211788
-0.002204343
0.005282284
-0.016265919
0.006338637
-0.007008205
-0.001675884
-0.001790711
0
0.004805284
0.002004678
0.00322133
-0.002553996
-0.003452696
0.003341505
-0.013320844
0.013543214
-0.006468905
-0.001679826
-0.002131838
-0.001123848
-0.004395116
0.002706972
-0.000112644
0.002475249
0.009394991
-0.004015622
-0.006728746
0.000674916
-0.004621028
0.000677583
0.000677125
-0.001919712
-0.001244133
-0.00237947
-0.022833876
-0.002207635
-0.00536507
-0.01342144
0.009554776
-0.004589053
-0.004847205
-0.00976547
0.00023932
0.002986682
-0.035453513
-0.015444322
0.003633406
0.001999001
-0.008145919
-0.001637177
-0.004674382
0.016577047
0.000995892
-0.003864619
0.005108091
0.005205763
-0.006822578
0.00049776
-0.004488786
-0.01320857
0.001771256
-0.001264862
0.006308373
-0.008716028
0.002787282
-0.008768085
-0.035200725
0.015479779
0
-0.008366062
-0.007245931
0.009081997
0.013664081
-0.006483425
-0.015073357
-0.003174606
-0.080528606
0.032910251
-0.020636656
0.002549938
-0.00809721
-0.010466796
-0.03475678
0.007137577
-0.031763037
-0.003831129
-0.026133078
-0.018611847
-0.011140827
0.007279819
-0.026128201
0.044020052
-0.012426478
0.02548211
-0.006899824
-0.009645106
-0.011184012
0.006884984
-0.002076512
-0.006577388
-0.027908788
-0.036404424
-0.001889873
0.001889873
0.003255936
-0.026173606
-0.001230121
0.022257918
-0.03215374
0.026462597
-0.033770356
0.016499975
-0.007063423
0.003891055
-0.00229743
0.016668515
-0.01313619
0.005450563
0.052432396
0.017156475
0.043840007
-0.047444795
0.018862348
0.007382476
0.012710689
-0.023158425
-0.008600459
0.026852646
0.00537976
0.003622907
-0.019689426
-0.01681799
0.000652103
0.001140158
-0.001466156
0.023522915
-0.023033957
0.021440331
-0.016077517
0.016874647
-0.01009058
-0.011332483
-0.009816833
-0.007260758
-0.020919514
0.005901712
-0.005901712
-0.027084275
-0.012413832
-0.017928944
0.037096633
-0.02587557
0.016686081
0.00607799
-0.006426422
0.017445818
0.024525542
-0.031915797
0.006705088
-0.011720231
0.027867433
-0.020612262
0.031178398
0.006651172
-0.038346054
0.016566001
0.012623243
0.00117008
0.008649422
0.031464002
0.007196001
-0.010894052
0.013758016
-0.010862727
0.004647072
0.01538858
0.000786844
-0.002993307
-0.004269119
0.008991306
0.007197653
-0.000311867
0.000311867
0.008693007
0.003394541
-0.027326238
0.005525312
0.000786844
0.017001111
-0.005116687
-0.005299264
-0.004699257
-0.008514716
-0.02533811
0.01162616
0.014661617
-0.013378126
-0.02139119
-0.014353129
0.003814583
0.035610624
-0.00721446
0.014535836
-0.015662778
-0.018205964
0.022385363
-0.0135661
0.024732271
0.013862856
-0.006749888
-0.016356061
-0.00224395
0.006557401
0.001752011
0.005870703
-0.012256421
0.008769888
0.005698923
-0.010792043
-0.009136875
-0.000322113
-0.017877934
0.015135776
-0.028674038
-0.001164241
-0.072636904
-0.000178971
-0.004664522
0.017999238
0.006864411
-0.003514324
0.006841532
-0.030170878
-0.008868034
-0.000545504
-0.005837302
0.010193026
-0.023267515
-0.014563364
-0.006225848
-0.005884045
0.006451635
0.006598195
0.000187882
-0.014190003
-0.038854926
0.005925358
-0.010094099
-0.001393451
-0.015052969
0.028900865
-0.026678867
0.009838449
-0.006615239
0.001406894
-0.014566311
0.002035831
-0.038561992
-0.011693553
-0.027096055
-0.048394725
0.022124292
-0.00316313
0.092446531
0.041424248
0.069573331
-0.083124754
0.019472103
0.002162163
-0.015433626
0.005765997
-0.029985142
0.02839784
-0.020867531
-0.023593258
0.013813229
0.039149836
-0.009098164
-0.036419157
0.035226314
-0.004785652
-0.029822679
0.009836145
0.010345969
-0.030115971
0.011579947
0.002053811
-0.01010422
0.013586047
0.02043985
0.040821995
-0.010050336
0.022662771
0.003033753
-0.042938331
-0.005151587
0.001984521
-0.004968707
0.016009829
-0.027431654
0.003420182
-0.018036764
0.005506285
-0.012483535
-0.00951797
-0.018252893
0.052584013
-0.000401849
0.012184311
-0.006972834
0.033808251
-0.034008191
-0.015110593
-0.012666155
-0.004533286
0.005149872
-0.026651588
-0.020680835
-0.017165006
0.015655897
-0.020048612
0.009638629
-0.001745582
0.008047896
0.004539076
0.028069034
-0.000839102
-0.027445612
-0.006709256
0.001302084
-0.028598517
0.021415986
-0.021415986
-0.045893226
-0.00821119
-0.003776261
0.002125901
-0.029452626
-0.002920421
0.016677124
-0.033141435
-0.008459866
-0.008028141
-0.012929575
-0.00127665
0.031189651
0.0213165
-0.029772158
0.023936985
-0.026938488
0.019596311
-0.003937982
-0.015157453
-0.045590481
-0.015315853
-0.002397763
-0.047523962
-0.031829911
-0.014836636
0.024320828
-0.053161834
-0.017651097
-0.024869171
0.033733664
0.081493034
-0.041231148
0.030514745
0.023813984
0.026500663
0.024238768
-0.047698655
-0.045167146
0.057238624
-0.010141241
-0.00996686
-0.02879115
-0.064462159
0.006697133
-0.023017742
0.089904838
-0.037882222
0.058385679
-0.005855307
-0.033265327
0.044941857
-0.03716644
0.016501086
0.019005603
